[6.511551016210435, 0] 0.7916666666666666
[1.8018460543595811, 1] 0.7734375
[7.97794146623107, 0] 0.7916666666666666
[7.869917691211785, 1] 0.765625
[6.589130012181058, 1] 0.7708333333333334
[4.3977808178206566, 3] 0.4609375
[9.017037620404821, 2] 0.7890625
[5.325381515447206, 2] 0.7890625
[0.01810893136572493, 3] 0.6614583333333334
[8.734374001256858, 1] 0.7734375

MELHOR INDIVIDUO:  [6.511551016210435, 0]
SUA GERAÇÃO:  1
SEU FITNESS:  0.7916666666666666
FITNESS MEDIO:0.7367187499999999


[7.97794146623107, 0] 0.7916666666666666
[9.017037620404821, 2] 0.7890625
[9.017037620404821, 2] 0.7890625
[9.017037620404821, 2] 0.7890625
[8.734374001256858, 1] 0.7734375
[6.511551016210435, 0] 0.7916666666666666
[2.0467301989459146, 3] 0.515625
[5.325381515447206, 2] 0.7890625
[1.8018460543595811, 1] 0.7734375
[9.017037620404821, 2] 0.7890625

MELHOR INDIVIDUO:  [6.511551016210435, 0]
SUA GERAÇÃO:  1
SEU FITNESS:  0.7916666666666666
FITNESS MEDIO:0.7591145833333333

[7.97794146623107, 0] 0.7916666666666666
[7.97794146623107, 0] 0.7916666666666666
[0.19876727656326873, 2] 0.7057291666666666
[1.8018460543595811, 1] 0.7734375
[7.97794146623107, 0] 0.7916666666666666
[6.018620476986652, 2] 0.78125
[9.017037620404821, 2] 0.7890625
[1.8018460543595811, 1] 0.7734375
[6.511551016210435, 0] 0.7916666666666666
[5.325381515447206, 2] 0.7890625

MELHOR INDIVIDUO:  [6.511551016210435, 0]
SUA GERAÇÃO:  1
SEU FITNESS:  0.7916666666666666
FITNESS MEDIO:0.7778645833333333

[5.325381515447206, 2] 0.7890625
[6.269253334856169, 3] 0.4505208333333333
[7.97794146623107, 0] 0.7916666666666666
[6.511551016210435, 0] 0.7916666666666666
[6.511551016210435, 0] 0.7916666666666666
[9.017037620404821, 2] 0.7890625
[1.8018460543595811, 1] 0.7734375
[9.203570003976814, 0] 0.7916666666666666
[0.06993569872252303, 2] 0.6614583333333334
[5.325381515447206, 2] 0.7890625

MELHOR INDIVIDUO:  [6.511551016210435, 0]
SUA GERAÇÃO:  1
SEU FITNESS:  0.7916666666666666
FITNESS MEDIO:0.7419270833333333

[6.511551016210435, 0] 0.7916666666666666
[1.8018460543595811, 1] 0.7734375
[0.06993569872252303, 2] 0.6614583333333334
[7.97794146623107, 0] 0.7916666666666666
[3.373077818487044, 2] 0.7864583333333334
[9.203570003976814, 0] 0.7916666666666666
[9.017037620404821, 2] 0.7890625
[1.8018460543595811, 1] 0.7734375
[3.223469933791138, 0] 0.7916666666666666
[4.365685892165296, 1] 0.7864583333333334

MELHOR INDIVIDUO:  [6.511551016210435, 0]
SUA GERAÇÃO:  1
SEU FITNESS:  0.7916666666666666
FITNESS MEDIO:0.7736979166666667

[9.203570003976814, 0] 0.7916666666666666
[9.203570003976814, 0] 0.7916666666666666
[3.223469933791138, 0] 0.7916666666666666
[7.97794146623107, 1] 0.765625
[3.223469933791138, 0] 0.7916666666666666
[7.97794146623107, 0] 0.7916666666666666
[6.511551016210435, 0] 0.7916666666666666
[7.97794146623107, 0] 0.7916666666666666
[3.223469933791138, 0] 0.7916666666666666
[7.97794146623107, 0] 0.7916666666666666

MELHOR INDIVIDUO:  [6.511551016210435, 0]
SUA GERAÇÃO:  1
SEU FITNESS:  0.7916666666666666
FITNESS MEDIO:0.7890625000000001

[7.97794146623107, 0] 0.7916666666666666
[9.203570003976814, 1] 0.7760416666666666
[7.97794146623107, 0] 0.7916666666666666
[9.203570003976814, 0] 0.7916666666666666
[3.223469933791138, 0] 0.7916666666666666
[3.95650537108973, 0] 0.7916666666666666
[3.223469933791138, 0] 0.7916666666666666
[9.203570003976814, 0] 0.7916666666666666
[3.223469933791138, 0] 0.7916666666666666
[7.97794146623107, 0] 0.7916666666666666

MELHOR INDIVIDUO:  [6.511551016210435, 0]
SUA GERAÇÃO:  1
SEU FITNESS:  0.7916666666666666
FITNESS MEDIO:0.7901041666666668

[3.95650537108973, 0] 0.7916666666666666
[3.95650537108973, 0] 0.7916666666666666
[7.97794146623107, 0] 0.7916666666666666
[3.223469933791138, 1] 0.7786458333333334
[7.97794146623107, 0] 0.7916666666666666
[7.97794146623107, 0] 0.7916666666666666
[3.95650537108973, 0] 0.7916666666666666
[7.97794146623107, 0] 0.7916666666666666
[3.223469933791138, 0] 0.7916666666666666
[7.97794146623107, 0] 0.7916666666666666

MELHOR INDIVIDUO:  [6.511551016210435, 0]
SUA GERAÇÃO:  1
SEU FITNESS:  0.7916666666666666
FITNESS MEDIO:0.7903645833333335

[3.95650537108973, 0] 0.7916666666666666
[7.97794146623107, 0] 0.7916666666666666
[3.95650537108973, 0] 0.7916666666666666
[7.97794146623107, 0] 0.7916666666666666
[7.97794146623107, 0] 0.7916666666666666
[3.95650537108973, 0] 0.7916666666666666
[7.97794146623107, 0] 0.7916666666666666
[7.97794146623107, 2] 0.7786458333333334
[7.97794146623107, 0] 0.7916666666666666
[7.97794146623107, 3] 0.4479166666666667

MELHOR INDIVIDUO:  [6.511551016210435, 0]
SUA GERAÇÃO:  1
SEU FITNESS:  0.7916666666666666
FITNESS MEDIO:0.7559895833333334

[7.97794146623107, 0] 0.7916666666666666
[7.97794146623107, 0] 0.7916666666666666
[7.97794146623107, 0] 0.7916666666666666
[7.97794146623107, 2] 0.7786458333333334
[7.97794146623107, 0] 0.7916666666666666
[7.97794146623107, 0] 0.7916666666666666
[7.97794146623107, 3] 0.4479166666666667
[3.95650537108973, 0] 0.7916666666666666
[7.97794146623107, 0] 0.7916666666666666
[7.97794146623107, 0] 0.7916666666666666

MELHOR INDIVIDUO:  [6.511551016210435, 0]
SUA GERAÇÃO:  1
SEU FITNESS:  0.7916666666666666
FITNESS MEDIO:0.7559895833333334

